49
0.2 0.47451 0.792157
0.313725 0.113725 0.309804
0.960784 0.741176 0.556863
0.294118 0.933333 0.937255
0.901961 0.803922 0
0.905882 0.247059 0.85098
0.333333 0.870588 0.647059
0.929412 0 0.72549
0.160784 0.172549 0.341176
0.396078 0.815686 0.8
0.376471 0.152941 0.501961
0.482353 0.890196 0.494118
0.984314 0.87451 0.882353
0.32549 0.819608 0.976471
0.839216 0.894118 0.992157
0.54902 0.352941 0.886275
0.678431 0.764706 0.541176
0.890196 0.278431 0.972549
0.270588 0.752941 0.858824
0.45098 0.266667 0.396078
0.341176 0.705882 0.298039
0.854902 0.290196 0.733333
0.776471 0.145098 0.54902
0.372549 0.478431 0.141176
0.835294 0.67451 0.768627
0.764706 0.0392157 0.796078
0.490196 0.494118 0.282353
0.0156863 0.25098 0.729412
0.662745 0.960784 0.980392
0.635294 0.254902 0.27451
0.470588 0.611765 0.439216
0.14902 0.705882 0.945098
0.745098 0.458824 0.619608
0.290196 0.619608 0.490196
0.494118 0.301961 0.768627
0.14902 0.564706 0.858824
0.0470588 0.266667 0.219608
0.862745 0.615686 0.756863
0.654902 0.635294 0.737255
0.772549 0.647059 0.552941
0.972549 0.0745098 0.0980392
0.807843 0.294118 0.0941176
0.152941 0.247059 0.807843
0.847059 0.780392 0.113725
0.745098 0.172549 0.647059
0.309804 0.0509804 0.0745098
0.0117647 0.329412 0.254902
0.0588235 0.945098 0.654902
0.309804 0.694118 0.937255